"lat","lng"
52.69636,-1.781637
53.0676266423874,-0.8349609375
52.3755991766591,-3.01025390625
51.9578073887155,0.19775390625
54.2267077643867,-1.5380859375
55.4290134524074,-3.05419921875
52.7628917375837,-1.4501953125
52.079506003797,0
51.6043716468168,-0.7470703125
52.0119365367536,-2.0654296875
51.4676969562234,-3.53759765625
51.1104199102926,-0.615234375
51.9442648790288,-3.4716796875
51.2068833948656,-1.64794921875
54.6738309659311,-3.0322265625
54.0335863352108,-2.1533203125
52.6830427622774,1.16455078125
51.8221981833694,-3.71337890625
52.4292222779551,-0.81298828125
53.657661020298,-2.61474609375
53.8654855084213,-0.54931640625
52.3755991766591,1.20849609375
51.3717803759174,0.7470703125
51.0966229450299,0.966796875
51.3580615731909,-2.43896484375
55.2540770670727,-4.76806640625
53.4488068354276,-8.23974609375
51.1282259185072,-1.51115655899048
53.5141845207711,-10.8544921875
53.1072166918934,-3.9111328125
52.562995039558,-7.822265625
53.8654855084213,-6.8994140625
52.9353966586232,-6.61376953125
52.4693968427621,-6.8115234375
52.3219108859477,-8.7890625
52.9486378848832,-2.65869140625
55.2665981523119,-3.80126953125
54.0722826556039,-9.228515625
54.901882187385,-2.2412109375
54.6484125023167,-7.53662109375
52.2143386082582,-7.6025390625
